0.000000        0
6.666667        0
13.333333       0
20.000000       0
26.666667       0
33.333333       0
40.000000       0
46.666667       0
53.333333       0
60.000000       0
66.666667       0
73.333333       0
80.000000       0
86.666667       0
93.333333       0
100.000000      0
106.666667      0
113.333333      0
120.000000      0
126.666667      0
133.333333      0
140.000000      0
146.666667      0
153.333333      0
160.000000      0
166.666667      0
173.333333      0
180.000000      0
186.666667      0
193.333333      0
200.000000      0
206.666667      0
213.333333      0
220.000000      0
226.666667      0
233.333333      0
240.000000      0
246.666667      0
253.333333      0
260.000000      0
266.666667      0
273.333333      0
280.000000      0
286.666667      0
293.333333      0
300.000000      0
306.666667      0
313.333333      0
320.000000      0
326.666667      0
333.333333      0
340.000000      0
346.666667      0
353.333333      0
360.000000      0
366.666667      0
373.333333      0
380.000000      0
386.666667      0
393.333333      0
400.000000      0
406.666667      0
413.333333      0
420.000000      0

